-0.001250	-0.88
-0.001249	-0.92
-0.001248	-0.92
-0.001247	-0.92
-0.001246	-0.92
-0.001245	-0.92
-0.001244	-0.96
-0.001243	-0.96
-0.001242	-0.96
-0.001241	-0.96
-0.001240	-1.00
-0.001239	-1.00
-0.001238	-1.00
-0.001237	-1.00
-0.001236	-1.04
-0.001235	-1.04
-0.001234	-1.04
-0.001233	-1.04
-0.001232	-1.08
-0.001231	-1.08
-0.001230	-1.08
-0.001229	-1.08
-0.001228	-1.08
-0.001227	-1.08
-0.001226	-1.12
-0.001225	-1.12
-0.001224	-1.12
-0.001223	-1.12
-0.001222	-1.16
-0.001221	-1.16
-0.001220	-1.16
-0.001219	-1.16
-0.001218	-1.20
-0.001217	-1.20
-0.001216	-1.20
-0.001215	-1.20
-0.001214	-1.20
-0.001213	-1.20
-0.001212	-1.24
-0.001211	-1.24
-0.001210	-1.24
-0.001209	-1.28
-0.001208	-1.28
-0.001207	-1.28
-0.001206	-1.28
-0.001205	-1.32
-0.001204	-1.32
-0.001203	-1.32
-0.001202	-1.32
-0.001201	-1.32
-0.001200	-1.36
-0.001199	-1.36
-0.001198	-1.36
-0.001197	-1.36
-0.001196	-1.36
-0.001195	-1.36
-0.001194	-1.36
-0.001193	-1.40
-0.001192	-1.40
-0.001191	-1.40
-0.001190	-1.40
-0.001189	-1.40
-0.001188	-1.40
-0.001187	-1.44
-0.001186	-1.44
-0.001185	-1.44
-0.001184	-1.44
-0.001183	-1.48
-0.001182	-1.48
-0.001181	-1.48
-0.001180	-1.48
-0.001179	-1.48
-0.001178	-1.48
-0.001177	-1.48
-0.001176	-1.52
-0.001175	-1.52
-0.001174	-1.52
-0.001173	-1.52
-0.001172	-1.52
-0.001171	-1.56
-0.001170	-1.56
-0.001169	-1.56
-0.001168	-1.56
-0.001167	-1.56
-0.001166	-1.60
-0.001165	-1.60
-0.001164	-1.60
-0.001163	-1.60
-0.001162	-1.60
-0.001161	-1.60
-0.001160	-1.64
-0.001159	-1.64
-0.001158	-1.64
-0.001157	-1.64
-0.001156	-1.64
-0.001155	-1.64
-0.001154	-1.64
-0.001153	-1.64
-0.001152	-1.68
-0.001151	-1.68
-0.001150	-1.68
-0.001149	-1.72
-0.001148	-1.68
-0.001147	-1.68
-0.001146	-1.72
-0.001145	-1.72
-0.001144	-1.72
-0.001143	-1.72
-0.001142	-1.72
-0.001141	-1.72
-0.001140	-1.72
-0.001139	-1.76
-0.001138	-1.76
-0.001137	-1.76
-0.001136	-1.76
-0.001135	-1.76
-0.001134	-1.76
-0.001133	-1.76
-0.001132	-1.76
-0.001131	-1.76
-0.001130	-1.76
-0.001129	-1.80
-0.001128	-1.80
-0.001127	-1.80
-0.001126	-1.80
-0.001125	-1.76
-0.001124	-1.80
-0.001123	-1.80
-0.001122	-1.80
-0.001121	-1.80
-0.001120	-1.80
-0.001119	-1.84
-0.001118	-1.84
-0.001117	-1.84
-0.001116	-1.84
-0.001115	-1.84
-0.001114	-1.84
-0.001113	-1.84
-0.001112	-1.88
-0.001111	-1.88
-0.001110	-1.88
-0.001109	-1.88
-0.001108	-1.88
-0.001107	-1.88
-0.001106	-1.88
-0.001105	-1.88
-0.001104	-1.88
-0.001103	-1.88
-0.001102	-1.88
-0.001101	-1.88
-0.001100	-1.92
-0.001099	-1.92
-0.001098	-1.92
-0.001097	-1.92
-0.001096	-1.92
-0.001095	-1.92
-0.001094	-1.92
-0.001093	-1.92
-0.001092	-1.92
-0.001091	-1.92
-0.001090	-1.92
-0.001089	-1.92
-0.001088	-1.92
-0.001087	-1.92
-0.001086	-1.92
-0.001085	-1.92
-0.001084	-1.92
-0.001083	-1.96
-0.001082	-1.96
-0.001081	-1.96
-0.001080	-1.96
-0.001079	-1.96
-0.001078	-1.96
-0.001077	-1.96
-0.001076	-1.96
-0.001075	-1.96
-0.001074	-1.96
-0.001073	-1.96
-0.001072	-1.96
-0.001071	-2.00
-0.001070	-1.96
-0.001069	-1.96
-0.001068	-2.00
-0.001067	-1.96
-0.001066	-1.96
-0.001065	-2.00
-0.001064	-2.00
-0.001063	-2.00
-0.001062	-1.96
-0.001061	-1.96
-0.001060	-2.00
-0.001059	-2.00
-0.001058	-2.00
-0.001057	-2.00
-0.001056	-2.00
-0.001055	-2.00
-0.001054	-2.00
-0.001053	-2.00
-0.001052	-1.96
-0.001051	-1.96
-0.001050	-2.00
-0.001049	-1.96
-0.001048	-1.96
-0.001047	-2.00
-0.001046	-1.96
-0.001045	-1.96
-0.001044	-2.00
-0.001043	-1.96
-0.001042	-1.96
-0.001041	-1.96
-0.001040	-1.96
-0.001039	-1.96
-0.001038	-2.00
-0.001037	-1.96
-0.001036	-1.96
-0.001035	-1.96
-0.001034	-1.96
-0.001033	-1.96
-0.001032	-1.96
-0.001031	-1.96
-0.001030	-1.96
-0.001029	-1.96
-0.001028	-1.96
-0.001027	-1.96
-0.001026	-1.92
-0.001025	-1.96
-0.001024	-1.92
-0.001023	-1.96
-0.001022	-1.96
-0.001021	-1.92
-0.001020	-1.92
-0.001019	-1.92
-0.001018	-1.92
-0.001017	-1.92
-0.001016	-1.92
-0.001015	-1.92
-0.001014	-1.92
-0.001013	-1.92
-0.001012	-1.92
-0.001011	-1.92
-0.001010	-1.92
-0.001009	-1.92
-0.001008	-1.92
-0.001007	-1.88
-0.001006	-1.88
-0.001005	-1.88
-0.001004	-1.88
-0.001003	-1.88
-0.001002	-1.88
-0.001001	-1.88
-0.001000	-1.88
-0.000999	-1.88
-0.000998	-1.88
-0.000997	-1.84
-0.000996	-1.84
-0.000995	-1.84
-0.000994	-1.84
-0.000993	-1.84
-0.000992	-1.80
-0.000991	-1.80
-0.000990	-1.80
-0.000989	-1.80
-0.000988	-1.80
-0.000987	-1.80
-0.000986	-1.80
-0.000985	-1.80
-0.000984	-1.76
-0.000983	-1.80
-0.000982	-1.76
-0.000981	-1.76
-0.000980	-1.76
-0.000979	-1.76
-0.000978	-1.76
-0.000977	-1.76
-0.000976	-1.76
-0.000975	-1.76
-0.000974	-1.76
-0.000973	-1.76
-0.000972	-1.76
-0.000971	-1.72
-0.000970	-1.72
-0.000969	-1.72
-0.000968	-1.72
-0.000967	-1.72
-0.000966	-1.68
-0.000965	-1.68
-0.000964	-1.68
-0.000963	-1.68
-0.000962	-1.64
-0.000961	-1.64
-0.000960	-1.64
-0.000959	-1.64
-0.000958	-1.64
-0.000957	-1.64
-0.000956	-1.64
-0.000955	-1.64
-0.000954	-1.60
-0.000953	-1.60
-0.000952	-1.60
-0.000951	-1.60
-0.000950	-1.60
-0.000949	-1.56
-0.000948	-1.56
-0.000947	-1.56
-0.000946	-1.52
-0.000945	-1.52
-0.000944	-1.52
-0.000943	-1.52
-0.000942	-1.52
-0.000941	-1.52
-0.000940	-1.52
-0.000939	-1.48
-0.000938	-1.48
-0.000937	-1.48
-0.000936	-1.48
-0.000935	-1.48
-0.000934	-1.44
-0.000933	-1.44
-0.000932	-1.44
-0.000931	-1.44
-0.000930	-1.44
-0.000929	-1.40
-0.000928	-1.40
-0.000927	-1.40
-0.000926	-1.40
-0.000925	-1.36
-0.000924	-1.36
-0.000923	-1.36
-0.000922	-1.36
-0.000921	-1.36
-0.000920	-1.36
-0.000919	-1.32
-0.000918	-1.32
-0.000917	-1.32
-0.000916	-1.32
-0.000915	-1.28
-0.000914	-1.28
-0.000913	-1.28
-0.000912	-1.28
-0.000911	-1.24
-0.000910	-1.24
-0.000909	-1.24
-0.000908	-1.20
-0.000907	-1.24
-0.000906	-1.20
-0.000905	-1.20
-0.000904	-1.20
-0.000903	-1.20
-0.000902	-1.16
-0.000901	-1.16
-0.000900	-1.16
-0.000899	-1.16
-0.000898	-1.16
-0.000897	-1.12
-0.000896	-1.12
-0.000895	-1.12
-0.000894	-1.08
-0.000893	-1.08
-0.000892	-1.08
-0.000891	-1.08
-0.000890	-1.04
-0.000889	-1.04
-0.000888	-1.04
-0.000887	-1.04
-0.000886	-1.04
-0.000885	-1.04
-0.000884	-1.00
-0.000883	-1.00
-0.000882	-1.00
-0.000881	-0.96
-0.000880	-0.96
-0.000879	-0.96
-0.000878	-0.92
-0.000877	-0.92
-0.000876	-0.92
-0.000875	-0.92
-0.000874	-0.88
-0.000873	-0.88
-0.000872	-0.88
-0.000871	-0.88
-0.000870	-0.88
-0.000869	-0.84
-0.000868	-0.84
-0.000867	-0.84
-0.000866	-0.80
-0.000865	-0.80
-0.000864	-0.80
-0.000863	-0.76
-0.000862	-0.76
-0.000861	-0.76
-0.000860	-0.76
-0.000859	-0.72
-0.000858	-0.72
-0.000857	-0.72
-0.000856	-0.68
-0.000855	-0.68
-0.000854	-0.68
-0.000853	-0.68
-0.000852	-0.68
-0.000851	-0.64
-0.000850	-0.64
-0.000849	-0.64
-0.000848	-0.64
-0.000847	-0.60
-0.000846	-0.60
-0.000845	-0.60
-0.000844	-0.56
-0.000843	-0.56
-0.000842	-0.56
-0.000841	-0.56
-0.000840	-0.52
-0.000839	-0.52
-0.000838	-0.52
-0.000837	-0.48
-0.000836	-0.48
-0.000835	-0.48
-0.000834	-0.48
-0.000833	-0.44
-0.000832	-0.44
-0.000831	-0.44
-0.000830	-0.44
-0.000829	-0.40
-0.000828	-0.40
-0.000827	-0.40
-0.000826	-0.36
-0.000825	-0.36
-0.000824	-0.36
-0.000823	-0.36
-0.000822	-0.32
-0.000821	-0.32
-0.000820	-0.32
-0.000819	-0.32
-0.000818	-0.28
-0.000817	-0.28
-0.000816	-0.28
-0.000815	-0.28
-0.000814	-0.24
-0.000813	-0.24
-0.000812	-0.20
-0.000811	-0.20
-0.000810	-0.20
-0.000809	-0.20
-0.000808	-0.20
-0.000807	-0.16
-0.000806	-0.16
-0.000805	-0.16
-0.000804	-0.12
-0.000803	-0.12
-0.000802	-0.12
-0.000801	-0.08
-0.000800	-0.08
-0.000799	-0.08
-0.000798	-0.08
-0.000797	-0.08
-0.000796	-0.04
-0.000795	-0.04
-0.000794	0.00
-0.000793	0.00
-0.000792	0.00
-0.000791	0.00
-0.000790	0.04
-0.000789	0.04
-0.000788	0.04
-0.000787	0.08
-0.000786	0.08
-0.000785	0.08
-0.000784	0.08
-0.000783	0.12
-0.000782	0.12
-0.000781	0.12
-0.000780	0.12
-0.000779	0.16
-0.000778	0.16
-0.000777	0.16
-0.000776	0.20
-0.000775	0.20
-0.000774	0.20
-0.000773	0.24
-0.000772	0.24
-0.000771	0.24
-0.000770	0.24
-0.000769	0.28
-0.000768	0.28
-0.000767	0.28
-0.000766	0.32
-0.000765	0.32
-0.000764	0.32
-0.000763	0.36
-0.000762	0.36
-0.000761	0.36
-0.000760	0.36
-0.000759	0.36
-0.000758	0.40
-0.000757	0.40
-0.000756	0.40
-0.000755	0.40
-0.000754	0.44
-0.000753	0.44
-0.000752	0.44
-0.000751	0.48
-0.000750	0.48
-0.000749	0.48
-0.000748	0.48
-0.000747	0.52
-0.000746	0.52
-0.000745	0.52
-0.000744	0.52
-0.000743	0.56
-0.000742	0.60
-0.000741	0.56
-0.000740	0.60
-0.000739	0.60
-0.000738	0.60
-0.000737	0.64
-0.000736	0.64
-0.000735	0.64
-0.000734	0.64
-0.000733	0.68
-0.000732	0.68
-0.000731	0.68
-0.000730	0.68
-0.000729	0.72
-0.000728	0.72
-0.000727	0.72
-0.000726	0.72
-0.000725	0.76
-0.000724	0.76
-0.000723	0.76
-0.000722	0.76
-0.000721	0.76
-0.000720	0.80
-0.000719	0.80
-0.000718	0.80
-0.000717	0.80
-0.000716	0.84
-0.000715	0.84
-0.000714	0.84
-0.000713	0.88
-0.000712	0.88
-0.000711	0.88
-0.000710	0.88
-0.000709	0.92
-0.000708	0.92
-0.000707	0.92
-0.000706	0.92
-0.000705	0.96
-0.000704	0.92
-0.000703	0.96
-0.000702	0.96
-0.000701	1.00
-0.000700	1.00
-0.000699	1.00
-0.000698	1.00
-0.000697	1.00
-0.000696	1.04
-0.000695	1.04
-0.000694	1.04
-0.000693	1.04
-0.000692	1.08
-0.000691	1.08
-0.000690	1.08
-0.000689	1.08
-0.000688	1.08
-0.000687	1.12
-0.000686	1.12
-0.000685	1.12
-0.000684	1.12
-0.000683	1.16
-0.000682	1.16
-0.000681	1.16
-0.000680	1.16
-0.000679	1.16
-0.000678	1.20
-0.000677	1.20
-0.000676	1.20
-0.000675	1.20
-0.000674	1.20
-0.000673	1.24
-0.000672	1.24
-0.000671	1.24
-0.000670	1.24
-0.000669	1.28
-0.000668	1.28
-0.000667	1.28
-0.000666	1.28
-0.000665	1.32
-0.000664	1.32
-0.000663	1.32
-0.000662	1.32
-0.000661	1.36
-0.000660	1.36
-0.000659	1.36
-0.000658	1.36
-0.000657	1.36
-0.000656	1.36
-0.000655	1.40
-0.000654	1.40
-0.000653	1.40
-0.000652	1.40
-0.000651	1.44
-0.000650	1.44
-0.000649	1.44
-0.000648	1.44
-0.000647	1.44
-0.000646	1.44
-0.000645	1.48
-0.000644	1.48
-0.000643	1.48
-0.000642	1.48
-0.000641	1.48
-0.000640	1.48
-0.000639	1.52
-0.000638	1.52
-0.000637	1.52
-0.000636	1.52
-0.000635	1.52
-0.000634	1.52
-0.000633	1.56
-0.000632	1.56
-0.000631	1.56
-0.000630	1.56
-0.000629	1.56
-0.000628	1.56
-0.000627	1.60
-0.000626	1.60
-0.000625	1.60
-0.000624	1.60
-0.000623	1.64
-0.000622	1.64
-0.000621	1.64
-0.000620	1.64
-0.000619	1.64
-0.000618	1.64
-0.000617	1.64
-0.000616	1.64
-0.000615	1.64
-0.000614	1.68
-0.000613	1.68
-0.000612	1.68
-0.000611	1.68
-0.000610	1.68
-0.000609	1.72
-0.000608	1.72
-0.000607	1.72
-0.000606	1.72
-0.000605	1.72
-0.000604	1.72
-0.000603	1.72
-0.000602	1.76
-0.000601	1.76
-0.000600	1.76
-0.000599	1.76
-0.000598	1.76
-0.000597	1.76
-0.000596	1.76
-0.000595	1.80
-0.000594	1.80
-0.000593	1.80
-0.000592	1.80
-0.000591	1.80
-0.000590	1.80
-0.000589	1.80
-0.000588	1.84
-0.000587	1.80
-0.000586	1.84
-0.000585	1.84
-0.000584	1.84
-0.000583	1.84
-0.000582	1.84
-0.000581	1.84
-0.000580	1.84
-0.000579	1.84
-0.000578	1.88
-0.000577	1.84
-0.000576	1.84
-0.000575	1.88
-0.000574	1.88
-0.000573	1.88
-0.000572	1.88
-0.000571	1.88
-0.000570	1.88
-0.000569	1.88
-0.000568	1.88
-0.000567	1.92
-0.000566	1.92
-0.000565	1.92
-0.000564	1.92
-0.000563	1.92
-0.000562	1.92
-0.000561	1.92
-0.000560	1.92
-0.000559	1.92
-0.000558	1.92
-0.000557	1.92
-0.000556	1.92
-0.000555	1.96
-0.000554	1.92
-0.000553	1.92
-0.000552	1.92
-0.000551	1.92
-0.000550	1.92
-0.000549	1.96
-0.000548	1.96
-0.000547	1.96
-0.000546	1.96
-0.000545	1.96
-0.000544	1.96
-0.000543	1.96
-0.000542	2.00
-0.000541	1.96
-0.000540	1.96
-0.000539	2.00
-0.000538	2.00
-0.000537	2.00
-0.000536	2.00
-0.000535	2.00
-0.000534	2.00
-0.000533	2.00
-0.000532	2.00
-0.000531	2.00
-0.000530	2.00
-0.000529	2.00
-0.000528	2.00
-0.000527	2.00
-0.000526	2.00
-0.000525	2.00
-0.000524	2.00
-0.000523	2.04
-0.000522	2.00
-0.000521	2.00
-0.000520	2.04
-0.000519	2.00
-0.000518	2.04
-0.000517	2.04
-0.000516	2.04
-0.000515	2.04
-0.000514	2.04
-0.000513	2.04
-0.000512	2.04
-0.000511	2.04
-0.000510	2.04
-0.000509	2.04
-0.000508	2.04
-0.000507	2.04
-0.000506	2.04
-0.000505	2.00
-0.000504	2.04
-0.000503	2.04
-0.000502	2.04
-0.000501	2.00
-0.000500	2.04
-0.000499	2.04
-0.000498	2.00
-0.000497	2.04
-0.000496	2.00
-0.000495	2.00
-0.000494	2.00
-0.000493	2.04
-0.000492	2.00
-0.000491	2.00
-0.000490	2.00
-0.000489	2.00
-0.000488	2.00
-0.000487	2.00
-0.000486	2.00
-0.000485	2.00
-0.000484	2.00
-0.000483	2.00
-0.000482	2.00
-0.000481	2.00
-0.000480	2.00
-0.000479	2.00
-0.000478	2.00
-0.000477	1.96
-0.000476	1.96
-0.000475	1.96
-0.000474	1.96
-0.000473	1.96
-0.000472	1.96
-0.000471	1.96
-0.000470	1.96
-0.000469	1.96
-0.000468	1.96
-0.000467	1.92
-0.000466	1.92
-0.000465	1.92
-0.000464	1.92
-0.000463	1.92
-0.000462	1.92
-0.000461	1.92
-0.000460	1.92
-0.000459	1.92
-0.000458	1.92
-0.000457	1.92
-0.000456	1.92
-0.000455	1.92
-0.000454	1.88
-0.000453	1.88
-0.000452	1.88
-0.000451	1.88
-0.000450	1.88
-0.000449	1.88
-0.000448	1.84
-0.000447	1.88
-0.000446	1.84
-0.000445	1.84
-0.000444	1.84
-0.000443	1.84
-0.000442	1.84
-0.000441	1.84
-0.000440	1.84
-0.000439	1.84
-0.000438	1.80
-0.000437	1.80
-0.000436	1.80
-0.000435	1.80
-0.000434	1.80
-0.000433	1.80
-0.000432	1.80
-0.000431	1.80
-0.000430	1.76
-0.000429	1.76
-0.000428	1.76
-0.000427	1.76
-0.000426	1.76
-0.000425	1.76
-0.000424	1.72
-0.000423	1.76
-0.000422	1.72
-0.000421	1.72
-0.000420	1.72
-0.000419	1.72
-0.000418	1.72
-0.000417	1.68
-0.000416	1.68
-0.000415	1.68
-0.000414	1.68
-0.000413	1.68
-0.000412	1.64
-0.000411	1.64
-0.000410	1.64
-0.000409	1.64
-0.000408	1.64
-0.000407	1.64
-0.000406	1.60
-0.000405	1.60
-0.000404	1.60
-0.000403	1.60
-0.000402	1.60
-0.000401	1.56
-0.000400	1.56
-0.000399	1.56
-0.000398	1.56
-0.000397	1.56
-0.000396	1.52
-0.000395	1.52
-0.000394	1.52
-0.000393	1.52
-0.000392	1.52
-0.000391	1.48
-0.000390	1.48
-0.000389	1.48
-0.000388	1.48
-0.000387	1.48
-0.000386	1.48
-0.000385	1.48
-0.000384	1.44
-0.000383	1.44
-0.000382	1.44
-0.000381	1.40
-0.000380	1.40
-0.000379	1.40
-0.000378	1.40
-0.000377	1.40
-0.000376	1.40
-0.000375	1.36
-0.000374	1.36
-0.000373	1.36
-0.000372	1.36
-0.000371	1.32
-0.000370	1.32
-0.000369	1.32
-0.000368	1.32
-0.000367	1.32
-0.000366	1.28
-0.000365	1.28
-0.000364	1.28
-0.000363	1.24
-0.000362	1.24
-0.000361	1.24
-0.000360	1.20
-0.000359	1.20
-0.000358	1.20
-0.000357	1.20
-0.000356	1.20
-0.000355	1.20
-0.000354	1.16
-0.000353	1.16
-0.000352	1.16
-0.000351	1.16
-0.000350	1.12
-0.000349	1.12
-0.000348	1.12
-0.000347	1.12
-0.000346	1.08
-0.000345	1.08
-0.000344	1.08
-0.000343	1.08
-0.000342	1.08
-0.000341	1.04
-0.000340	1.04
-0.000339	1.04
-0.000338	1.04
-0.000337	1.00
-0.000336	1.00
-0.000335	1.00
-0.000334	1.00
-0.000333	0.96
-0.000332	0.96
-0.000331	0.92
-0.000330	0.92
-0.000329	0.92
-0.000328	0.92
-0.000327	0.92
-0.000326	0.92
-0.000325	0.88
-0.000324	0.88
-0.000323	0.88
-0.000322	0.84
-0.000321	0.84
-0.000320	0.84
-0.000319	0.80
-0.000318	0.80
-0.000317	0.80
-0.000316	0.76
-0.000315	0.76
-0.000314	0.76
-0.000313	0.76
-0.000312	0.76
-0.000311	0.76
-0.000310	0.72
-0.000309	0.72
-0.000308	0.68
-0.000307	0.68
-0.000306	0.68
-0.000305	0.64
-0.000304	0.64
-0.000303	0.64
-0.000302	0.64
-0.000301	0.64
-0.000300	0.60
-0.000299	0.60
-0.000298	0.60
-0.000297	0.60
-0.000296	0.56
-0.000295	0.56
-0.000294	0.56
-0.000293	0.52
-0.000292	0.52
-0.000291	0.52
-0.000290	0.48
-0.000289	0.48
-0.000288	0.48
-0.000287	0.48
-0.000286	0.44
-0.000285	0.44
-0.000284	0.44
-0.000283	0.44
-0.000282	0.40
-0.000281	0.40
-0.000280	0.40
-0.000279	0.36
-0.000278	0.36
-0.000277	0.36
-0.000276	0.36
-0.000275	0.36
-0.000274	0.32
-0.000273	0.32
-0.000272	0.32
-0.000271	0.28
-0.000270	0.28
-0.000269	0.28
-0.000268	0.24
-0.000267	0.24
-0.000266	0.24
-0.000265	0.20
-0.000264	0.20
-0.000263	0.20
-0.000262	0.20
-0.000261	0.16
-0.000260	0.16
-0.000259	0.16
-0.000258	0.12
-0.000257	0.12
-0.000256	0.12
-0.000255	0.08
-0.000254	0.08
-0.000253	0.08
-0.000252	0.08
-0.000251	0.08
-0.000250	0.04
-0.000249	0.04
-0.000248	0.04
-0.000247	0.04
-0.000246	0.00
-0.000245	0.00
-0.000244	-0.04
-0.000243	-0.04
-0.000242	-0.04
-0.000241	-0.08
-0.000240	-0.08
-0.000239	-0.08
-0.000238	-0.08
-0.000237	-0.08
-0.000236	-0.12
-0.000235	-0.12
-0.000234	-0.12
-0.000233	-0.16
-0.000232	-0.16
-0.000231	-0.16
-0.000230	-0.16
-0.000229	-0.20
-0.000228	-0.20
-0.000227	-0.20
-0.000226	-0.24
-0.000225	-0.24
-0.000224	-0.24
-0.000223	-0.24
-0.000222	-0.28
-0.000221	-0.28
-0.000220	-0.28
-0.000219	-0.32
-0.000218	-0.32
-0.000217	-0.32
-0.000216	-0.32
-0.000215	-0.36
-0.000214	-0.36
-0.000213	-0.36
-0.000212	-0.36
-0.000211	-0.36
-0.000210	-0.40
-0.000209	-0.40
-0.000208	-0.44
-0.000207	-0.44
-0.000206	-0.44
-0.000205	-0.44
-0.000204	-0.48
-0.000203	-0.48
-0.000202	-0.48
-0.000201	-0.48
-0.000200	-0.48
-0.000199	-0.52
-0.000198	-0.52
-0.000197	-0.56
-0.000196	-0.56
-0.000195	-0.56
-0.000194	-0.56
-0.000193	-0.60
-0.000192	-0.60
-0.000191	-0.60
-0.000190	-0.64
-0.000189	-0.64
-0.000188	-0.64
-0.000187	-0.64
-0.000186	-0.64
-0.000185	-0.64
-0.000184	-0.68
-0.000183	-0.68
-0.000182	-0.72
-0.000181	-0.72
-0.000180	-0.72
-0.000179	-0.72
-0.000178	-0.76
-0.000177	-0.76
-0.000176	-0.76
-0.000175	-0.76
-0.000174	-0.76
-0.000173	-0.76
-0.000172	-0.80
-0.000171	-0.80
-0.000170	-0.80
-0.000169	-0.84
-0.000168	-0.84
-0.000167	-0.84
-0.000166	-0.88
-0.000165	-0.88
-0.000164	-0.88
-0.000163	-0.88
-0.000162	-0.92
-0.000161	-0.92
-0.000160	-0.92
-0.000159	-0.92
-0.000158	-0.92
-0.000157	-0.96
-0.000156	-0.96
-0.000155	-0.96
-0.000154	-0.96
-0.000153	-1.00
-0.000152	-1.00
-0.000151	-1.00
-0.000150	-1.04
-0.000149	-1.04
-0.000148	-1.04
-0.000147	-1.04
-0.000146	-1.04
-0.000145	-1.08
-0.000144	-1.08
-0.000143	-1.08
-0.000142	-1.08
-0.000141	-1.08
-0.000140	-1.12
-0.000139	-1.12
-0.000138	-1.12
-0.000137	-1.12
-0.000136	-1.12
-0.000135	-1.16
-0.000134	-1.16
-0.000133	-1.16
-0.000132	-1.20
-0.000131	-1.16
-0.000130	-1.20
-0.000129	-1.20
-0.000128	-1.20
-0.000127	-1.20
-0.000126	-1.20
-0.000125	-1.24
-0.000124	-1.24
-0.000123	-1.28
-0.000122	-1.28
-0.000121	-1.28
-0.000120	-1.28
-0.000119	-1.28
-0.000118	-1.28
-0.000117	-1.32
-0.000116	-1.32
-0.000115	-1.32
-0.000114	-1.32
-0.000113	-1.32
-0.000112	-1.36
-0.000111	-1.36
-0.000110	-1.36
-0.000109	-1.36
-0.000108	-1.36
-0.000107	-1.36
-0.000106	-1.36
-0.000105	-1.40
-0.000104	-1.40
-0.000103	-1.40
-0.000102	-1.44
-0.000101	-1.40
-0.000100	-1.44
-0.000099	-1.44
-0.000098	-1.44
-0.000097	-1.44
-0.000096	-1.48
-0.000095	-1.48
-0.000094	-1.48
-0.000093	-1.48
-0.000092	-1.48
-0.000091	-1.48
-0.000090	-1.48
-0.000089	-1.48
-0.000088	-1.52
-0.000087	-1.52
-0.000086	-1.52
-0.000085	-1.52
-0.000084	-1.56
-0.000083	-1.56
-0.000082	-1.56
-0.000081	-1.56
-0.000080	-1.56
-0.000079	-1.60
-0.000078	-1.60
-0.000077	-1.60
-0.000076	-1.60
-0.000075	-1.60
-0.000074	-1.64
-0.000073	-1.60
-0.000072	-1.64
-0.000071	-1.64
-0.000070	-1.64
-0.000069	-1.64
-0.000068	-1.64
-0.000067	-1.64
-0.000066	-1.68
-0.000065	-1.68
-0.000064	-1.68
-0.000063	-1.68
-0.000062	-1.68
-0.000061	-1.68
-0.000060	-1.72
-0.000059	-1.72
-0.000058	-1.72
-0.000057	-1.72
-0.000056	-1.72
-0.000055	-1.72
-0.000054	-1.72
-0.000053	-1.76
-0.000052	-1.76
-0.000051	-1.76
-0.000050	-1.76
-0.000049	-1.76
-0.000048	-1.76
-0.000047	-1.76
-0.000046	-1.76
-0.000045	-1.76
-0.000044	-1.76
-0.000043	-1.76
-0.000042	-1.76
-0.000041	-1.80
-0.000040	-1.80
-0.000039	-1.80
-0.000038	-1.80
-0.000037	-1.80
-0.000036	-1.80
-0.000035	-1.80
-0.000034	-1.80
-0.000033	-1.84
-0.000032	-1.84
-0.000031	-1.84
-0.000030	-1.84
-0.000029	-1.84
-0.000028	-1.84
-0.000027	-1.84
-0.000026	-1.84
-0.000025	-1.84
-0.000024	-1.88
-0.000023	-1.88
-0.000022	-1.88
-0.000021	-1.88
-0.000020	-1.88
-0.000019	-1.88
-0.000018	-1.88
-0.000017	-1.88
-0.000016	-1.88
-0.000015	-1.88
-0.000014	-1.92
-0.000013	-1.92
-0.000012	-1.92
-0.000011	-1.92
-0.000010	-1.92
-0.000009	-1.92
-0.000008	-1.92
-0.000007	-1.92
-0.000006	-1.92
-0.000005	-1.92
-0.000004	-1.92
-0.000003	-1.92
-0.000002	-1.92
-0.000001	-1.92
0.000000	-1.96
0.000001	-1.92
0.000002	-1.96
0.000003	-1.92
0.000004	-1.96
0.000005	-1.96
0.000006	-1.96
0.000007	-1.96
0.000008	-1.96
0.000009	-1.96
0.000010	-1.96
0.000011	-1.96
0.000012	-1.96
0.000013	-1.96
0.000014	-1.96
0.000015	-1.96
0.000016	-1.96
0.000017	-1.96
0.000018	-1.96
0.000019	-1.96
0.000020	-1.96
0.000021	-1.96
0.000022	-2.00
0.000023	-2.00
0.000024	-2.00
0.000025	-2.00
0.000026	-2.00
0.000027	-2.00
0.000028	-1.96
0.000029	-2.00
0.000030	-1.96
0.000031	-1.96
0.000032	-2.00
0.000033	-1.96
0.000034	-1.96
0.000035	-2.00
0.000036	-2.00
0.000037	-1.96
0.000038	-2.00
0.000039	-1.96
0.000040	-1.96
0.000041	-2.00
0.000042	-1.96
0.000043	-2.00
0.000044	-1.96
0.000045	-2.00
0.000046	-1.96
0.000047	-1.96
0.000048	-1.96
0.000049	-1.96
0.000050	-1.96
0.000051	-1.96
0.000052	-1.96
0.000053	-1.96
0.000054	-1.96
0.000055	-1.96
0.000056	-1.96
0.000057	-1.96
0.000058	-1.96
0.000059	-1.96
0.000060	-1.96
0.000061	-1.96
0.000062	-1.92
0.000063	-1.96
0.000064	-1.96
0.000065	-1.92
0.000066	-1.92
0.000067	-1.92
0.000068	-1.92
0.000069	-1.92
0.000070	-1.92
0.000071	-1.92
0.000072	-1.92
0.000073	-1.92
0.000074	-1.92
0.000075	-1.92
0.000076	-1.92
0.000077	-1.92
0.000078	-1.88
0.000079	-1.88
0.000080	-1.88
0.000081	-1.88
0.000082	-1.88
0.000083	-1.88
0.000084	-1.88
0.000085	-1.88
0.000086	-1.88
0.000087	-1.88
0.000088	-1.88
0.000089	-1.84
0.000090	-1.84
0.000091	-1.84
0.000092	-1.84
0.000093	-1.84
0.000094	-1.84
0.000095	-1.84
0.000096	-1.84
0.000097	-1.80
0.000098	-1.80
0.000099	-1.80
0.000100	-1.80
0.000101	-1.80
0.000102	-1.76
0.000103	-1.80
0.000104	-1.76
0.000105	-1.76
0.000106	-1.76
0.000107	-1.76
0.000108	-1.76
0.000109	-1.76
0.000110	-1.76
0.000111	-1.76
0.000112	-1.76
0.000113	-1.76
0.000114	-1.76
0.000115	-1.72
0.000116	-1.72
0.000117	-1.72
0.000118	-1.72
0.000119	-1.72
0.000120	-1.72
0.000121	-1.68
0.000122	-1.68
0.000123	-1.68
0.000124	-1.68
0.000125	-1.64
0.000126	-1.64
0.000127	-1.64
0.000128	-1.64
0.000129	-1.64
0.000130	-1.64
0.000131	-1.64
0.000132	-1.64
0.000133	-1.60
0.000134	-1.60
0.000135	-1.60
0.000136	-1.60
0.000137	-1.56
0.000138	-1.56
0.000139	-1.56
0.000140	-1.56
0.000141	-1.56
0.000142	-1.56
0.000143	-1.56
0.000144	-1.52
0.000145	-1.52
0.000146	-1.52
0.000147	-1.48
0.000148	-1.48
0.000149	-1.48
0.000150	-1.48
0.000151	-1.48
0.000152	-1.48
0.000153	-1.44
0.000154	-1.44
0.000155	-1.44
0.000156	-1.44
0.000157	-1.44
0.000158	-1.40
0.000159	-1.40
0.000160	-1.40
0.000161	-1.36
0.000162	-1.40
0.000163	-1.36
0.000164	-1.36
0.000165	-1.36
0.000166	-1.36
0.000167	-1.36
0.000168	-1.36
0.000169	-1.32
0.000170	-1.32
0.000171	-1.32
0.000172	-1.32
0.000173	-1.28
0.000174	-1.28
0.000175	-1.28
0.000176	-1.24
0.000177	-1.24
0.000178	-1.24
0.000179	-1.20
0.000180	-1.24
0.000181	-1.20
0.000182	-1.20
0.000183	-1.20
0.000184	-1.20
0.000185	-1.20
0.000186	-1.16
0.000187	-1.16
0.000188	-1.12
0.000189	-1.12
0.000190	-1.12
0.000191	-1.12
0.000192	-1.12
0.000193	-1.08
0.000194	-1.08
0.000195	-1.08
0.000196	-1.08
0.000197	-1.08
0.000198	-1.04
0.000199	-1.04
0.000200	-1.04
0.000201	-1.04
0.000202	-1.00
0.000203	-1.00
0.000204	-1.00
0.000205	-0.96
0.000206	-0.96
0.000207	-0.96
0.000208	-0.96
0.000209	-0.96
0.000210	-0.92
0.000211	-0.92
0.000212	-0.92
0.000213	-0.92
0.000214	-0.88
0.000215	-0.88
0.000216	-0.88
0.000217	-0.84
0.000218	-0.84
0.000219	-0.84
0.000220	-0.80
0.000221	-0.80
0.000222	-0.80
0.000223	-0.80
0.000224	-0.76
0.000225	-0.76
0.000226	-0.76
0.000227	-0.76
0.000228	-0.72
0.000229	-0.72
0.000230	-0.72
0.000231	-0.72
0.000232	-0.68
0.000233	-0.68
0.000234	-0.68
0.000235	-0.64
0.000236	-0.64
0.000237	-0.64
0.000238	-0.64
0.000239	-0.64
0.000240	-0.64
0.000241	-0.60
0.000242	-0.60
0.000243	-0.60
0.000244	-0.56
0.000245	-0.56
0.000246	-0.56
0.000247	-0.52
0.000248	-0.52
0.000249	-0.48
0.000250	-0.48
0.000251	-0.48
0.000252	-0.48
0.000253	-0.48
0.000254	-0.44
0.000255	-0.44
0.000256	-0.40
0.000257	-0.40
0.000258	-0.40
0.000259	-0.40
0.000260	-0.40
0.000261	-0.36
0.000262	-0.36
0.000263	-0.36
0.000264	-0.36
0.000265	-0.32
0.000266	-0.32
0.000267	-0.32
0.000268	-0.32
0.000269	-0.28
0.000270	-0.28
0.000271	-0.28
0.000272	-0.24
0.000273	-0.24
0.000274	-0.24
0.000275	-0.20
0.000276	-0.20
0.000277	-0.20
0.000278	-0.20
0.000279	-0.16
0.000280	-0.16
0.000281	-0.16
0.000282	-0.16
0.000283	-0.12
0.000284	-0.12
0.000285	-0.12
0.000286	-0.08
0.000287	-0.08
0.000288	-0.08
0.000289	-0.08
0.000290	-0.04
0.000291	-0.04
0.000292	-0.04
0.000293	0.00
0.000294	0.00
0.000295	0.00
0.000296	0.04
0.000297	0.04
0.000298	0.04
0.000299	0.08
0.000300	0.08
0.000301	0.08
0.000302	0.08
0.000303	0.08
0.000304	0.12
0.000305	0.12
0.000306	0.12
0.000307	0.16
0.000308	0.16
0.000309	0.16
0.000310	0.20
0.000311	0.20
0.000312	0.20
0.000313	0.20
0.000314	0.24
0.000315	0.24
0.000316	0.24
0.000317	0.28
0.000318	0.28
0.000319	0.28
0.000320	0.28
0.000321	0.32
0.000322	0.32
0.000323	0.32
0.000324	0.32
0.000325	0.36
0.000326	0.36
0.000327	0.36
0.000328	0.36
0.000329	0.40
0.000330	0.40
0.000331	0.40
0.000332	0.40
0.000333	0.44
0.000334	0.44
0.000335	0.44
0.000336	0.48
0.000337	0.48
0.000338	0.48
0.000339	0.48
0.000340	0.52
0.000341	0.52
0.000342	0.52
0.000343	0.52
0.000344	0.52
0.000345	0.56
0.000346	0.56
0.000347	0.60
0.000348	0.60
0.000349	0.60
0.000350	0.64
0.000351	0.64
0.000352	0.64
0.000353	0.64
0.000354	0.64
0.000355	0.68
0.000356	0.68
0.000357	0.68
0.000358	0.72
0.000359	0.72
0.000360	0.72
0.000361	0.76
0.000362	0.76
0.000363	0.76
0.000364	0.76
0.000365	0.76
0.000366	0.80
0.000367	0.80
0.000368	0.80
0.000369	0.80
0.000370	0.80
0.000371	0.84
0.000372	0.84
0.000373	0.84
0.000374	0.88
0.000375	0.88
0.000376	0.88
0.000377	0.88
0.000378	0.92
0.000379	0.92
0.000380	0.92
0.000381	0.92
0.000382	0.92
0.000383	0.96
0.000384	0.96
0.000385	0.96
0.000386	0.96
0.000387	1.00
0.000388	1.00
0.000389	1.00
0.000390	1.04
0.000391	1.04
0.000392	1.04
0.000393	1.04
0.000394	1.08
0.000395	1.08
0.000396	1.08
0.000397	1.08
0.000398	1.08
0.000399	1.08
0.000400	1.12
0.000401	1.12
0.000402	1.12
0.000403	1.12
0.000404	1.12
0.000405	1.16
0.000406	1.16
0.000407	1.16
0.000408	1.20
0.000409	1.20
0.000410	1.20
0.000411	1.20
0.000412	1.20
0.000413	1.20
0.000414	1.24
0.000415	1.24
0.000416	1.24
0.000417	1.28
0.000418	1.28
0.000419	1.28
0.000420	1.28
0.000421	1.32
0.000422	1.32
0.000423	1.32
0.000424	1.32
0.000425	1.32
0.000426	1.32
0.000427	1.36
0.000428	1.36
0.000429	1.36
0.000430	1.36
0.000431	1.36
0.000432	1.40
0.000433	1.40
0.000434	1.40
0.000435	1.40
0.000436	1.40
0.000437	1.44
0.000438	1.44
0.000439	1.44
0.000440	1.44
0.000441	1.44
0.000442	1.48
0.000443	1.48
0.000444	1.48
0.000445	1.48
0.000446	1.48
0.000447	1.48
0.000448	1.52
0.000449	1.52
0.000450	1.52
0.000451	1.52
0.000452	1.52
0.000453	1.52
0.000454	1.56
0.000455	1.56
0.000456	1.56
0.000457	1.56
0.000458	1.60
0.000459	1.60
0.000460	1.60
0.000461	1.60
0.000462	1.60
0.000463	1.60
0.000464	1.60
0.000465	1.64
0.000466	1.64
0.000467	1.64
0.000468	1.64
0.000469	1.64
0.000470	1.64
0.000471	1.64
0.000472	1.68
0.000473	1.68
0.000474	1.68
0.000475	1.68
0.000476	1.68
0.000477	1.68
0.000478	1.72
0.000479	1.72
0.000480	1.72
0.000481	1.72
0.000482	1.72
0.000483	1.72
0.000484	1.76
0.000485	1.76
0.000486	1.76
0.000487	1.76
0.000488	1.76
0.000489	1.76
0.000490	1.76
0.000491	1.76
0.000492	1.76
0.000493	1.80
0.000494	1.80
0.000495	1.80
0.000496	1.80
0.000497	1.80
0.000498	1.80
0.000499	1.80
0.000500	1.84
0.000501	1.84
0.000502	1.84
0.000503	1.84
0.000504	1.84
0.000505	1.84
0.000506	1.84
0.000507	1.84
0.000508	1.84
0.000509	1.84
0.000510	1.88
0.000511	1.84
0.000512	1.88
0.000513	1.88
0.000514	1.88
0.000515	1.88
0.000516	1.88
0.000517	1.88
0.000518	1.88
0.000519	1.92
0.000520	1.88
0.000521	1.92
0.000522	1.92
0.000523	1.92
0.000524	1.92
0.000525	1.92
0.000526	1.92
0.000527	1.92
0.000528	1.92
0.000529	1.92
0.000530	1.92
0.000531	1.92
0.000532	1.96
0.000533	1.96
0.000534	1.92
0.000535	1.96
0.000536	1.96
0.000537	1.96
0.000538	1.96
0.000539	1.96
0.000540	1.96
0.000541	1.96
0.000542	1.96
0.000543	1.96
0.000544	1.96
0.000545	1.96
0.000546	2.00
0.000547	1.96
0.000548	2.00
0.000549	1.96
