1.256356628267524655e+01
1.322431984925495030e+01
1.371827563377201287e+01
1.404706762736913106e+01
1.424411982491581696e+01
1.435230800888303904e+01
1.440069873506082843e+01
1.441098376785800106e+01
1.440270124493924619e+01
1.438494385055388847e+01
1.436347771798364192e+01
1.434197059716019140e+01
1.432199357854089250e+01
1.430432654230247991e+01
1.428928752324112317e+01
1.427658716505778713e+01
1.426601661019981826e+01
1.425746030974076284e+01
1.425048012164651468e+01
1.424478755021458909e+01
1.424023405791026242e+01
1.423659995147835566e+01
1.423366894182922238e+01
1.423131806899387364e+01
1.422948345346934396e+01
1.422799883144226385e+01
1.422681441719003104e+01
1.422588511378528153e+01
1.422514311376950147e+01
1.422454195540703203e+01
1.422406689018591663e+01
1.422370322745289073e+01
1.422340094319726411e+01
1.422317254870021941e+01
1.422298070681534377e+01
1.422284063809466126e+01
1.422272947870207105e+01
1.422263240076319057e+01
1.422255137750915921e+01
1.422250463865303161e+01
1.422246862403664913e+01
1.422242762163443253e+01
1.422239555590733850e+01
1.422236640685598097e+01
1.422235907890731887e+01
1.422235228718187905e+01
1.422234674657724263e+01
1.422234120597696538e+01
1.422233566538114147e+01
1.422233012478950620e+01
1.422232458420205958e+01
1.422230242199040084e+01
1.422229067471543296e+01
1.422228721389605255e+01
1.422227788758583422e+01
1.422226678212841122e+01
1.422226371939443190e+01
1.422225210213061075e+01
1.422224347448985249e+01
1.422224485555712015e+01
1.422222652791720776e+01
1.422219854903171132e+01
1.422216863665178366e+01
1.422212235451692308e+01
1.422204721611244160e+01
1.422189758917094160e+01
1.422167232796184422e+01
1.422133202274184427e+01
1.422075568196553519e+01
1.421985338623910877e+01
1.421844276025669451e+01
1.421620775617622456e+01
1.421260647246132436e+01
1.420699953614859901e+01
1.419822393830966512e+01
1.418417222730118965e+01
1.416248934975729767e+01
1.412963066319793981e+01
1.407855435368702501e+01
1.400313540352977526e+01
1.389613065519370672e+01
1.374829170357597974e+01
1.355531948786392960e+01
1.332202152525299432e+01
1.305597487840459614e+01
1.276764040506371245e+01
1.246984507876387660e+01
1.216983690471213642e+01
1.187288251407943029e+01
1.158211601520861755e+01
1.129923877824332301e+01
1.102599781172263249e+01
1.076386666070233566e+01
1.051264767590013705e+01
1.027234195251623561e+01
1.004358906251893124e+01
9.824752947314719265e+00
9.615094673673118209e+00
9.414406473237548312e+00
9.221935843170072644e+00
9.036770219110863422e+00
8.858549979558757670e+00
8.687296718756883251e+00
8.522097331422882505e+00
8.362713801570061278e+00
8.209357729846338714e+00
8.061502533766795153e+00
7.918805454668318866e+00
7.781241010388837864e+00
7.648655192424415716e+00
7.520493144612824921e+00
7.396511966476515987e+00
7.276863667061126861e+00
7.160939947868580013e+00
7.048538938263265052e+00
6.939670868528314607e+00
6.834143846591919313e+00
6.731664045207502944e+00
6.632192114426592511e+00
6.535800800523903220e+00
6.442119001586750215e+00
6.351061399316280998e+00
6.262732557965787095e+00
6.176852080208002249e+00
6.093296919553607971e+00
6.012038440197963851e+00
5.933028839101753604e+00
5.856055813359867024e+00
5.781036717320999330e+00
5.708072908974294535e+00
5.636925412552828973e+00
5.567516425802943481e+00
5.499913636085952184e+00
5.433996531101668026e+00
5.369643802722553261e+00
5.306867301398303205e+00
5.245684501930759858e+00
5.185916328555626897e+00
5.127520023581712216e+00
5.070568221492019134e+00
5.014922621614343434e+00
4.960520475802270290e+00
4.907378918417281355e+00
4.855460438386980826e+00
4.804678737159883362e+00
4.755016696228389073e+00
4.706501225984579762e+00
4.659028531487092728e+00
4.612568692461809228e+00
4.567156677288526367e+00
4.522726958724286206e+00
4.479225709756590845e+00
4.436638535389347382e+00
4.394990855908004868e+00
4.354197266632166219e+00
4.314226245238265811e+00
4.275153459521854771e+00
4.236857915662651131e+00
4.199331167668033160e+00
4.162601270110220852e+00
4.126627950092490060e+00
4.091370558558153903e+00
4.056835613332724577e+00
4.023018003527190523e+00
3.989881281668592905e+00
3.957379836888119673e+00
3.925566422632954744e+00
3.894377906078135609e+00
3.863807178094327277e+00
3.833845842161966555e+00
3.804495650159302578e+00
3.775712144461357944e+00
3.747496955106695893e+00
3.719876740525601466e+00
3.692789741431908634e+00
3.666213901809980857e+00
3.640195298377624233e+00
3.614698500522083524e+00
3.589689216955797235e+00
3.565175754342587044e+00
3.541171080279117866e+00
3.517627700060418139e+00
3.494540777647603846e+00
3.471948558219170256e+00
3.449795856405622363e+00
3.428076357009643971e+00
3.406814125296986795e+00
3.385981928556872855e+00
3.365562295268412107e+00
3.345547271921286647e+00
3.325975451743343747e+00
3.306789333133798081e+00
3.287988774831933636e+00
3.269582592315754876e+00
3.251583293434871180e+00
3.233933503418330968e+00
3.216662660249660188e+00
3.199772255621535777e+00
3.183233955057449105e+00
3.167043875670685349e+00
3.151227235486279366e+00
3.135745157320909193e+00
3.120595437578403963e+00
3.105785600075108732e+00
3.091325914391044538e+00
3.077181443530895955e+00
3.063356041495539195e+00
3.049873926361557963e+00
3.036690212675053679e+00
3.023808268744467398e+00
3.011250740424507466e+00
2.998992517233550537e+00
2.987035386768564393e+00
2.975376343832450310e+00
2.964026615431009315e+00
2.952957525749786427e+00
2.942160437175203924e+00
2.931675509007013680e+00
2.921468175441872983e+00
2.911517718652159470e+00
2.901866040169563732e+00
2.892483650564762421e+00
2.883352765683688812e+00
2.874491052502130550e+00
2.865912469302620114e+00
2.857588395328236608e+00
2.849515762541164676e+00
2.841709344253993574e+00
2.834157504801741556e+00
2.826846144957985807e+00
2.819776310491144411e+00
2.812972995296223466e+00
2.806401640442068857e+00
2.800051503040925205e+00
2.793977869849822770e+00
2.788114392328798097e+00
2.782491929559904431e+00
2.777088972634858877e+00
2.771922333239397407e+00
2.766956057864006446e+00
2.762215094703665219e+00
2.757714365144484425e+00
2.753409371070730582e+00
2.749308311902144641e+00
2.745419503560719399e+00
2.741729735496445830e+00
2.738236439042819548e+00
2.734929535716139615e+00
2.731829663503879235e+00
2.728898244955784591e+00
2.726151057958882795e+00
2.723579221842026499e+00
2.721176096352787788e+00
2.718931792421554583e+00
2.716845873696352776e+00
2.714916613517925015e+00
2.713129913606471266e+00
2.711481758667552366e+00
2.709961060701014723e+00
2.708574804263111258e+00
2.707292474750502720e+00
2.706123856063704203e+00
2.705043509429998494e+00
2.704055886973978140e+00
2.703152576084889791e+00
2.702328286741848995e+00
2.701564842651438703e+00
2.700826915633352865e+00
2.700155164257168394e+00
2.699508662060317477e+00
2.698866057282007791e+00
2.698220816149630608e+00
2.697600919416901277e+00
2.696947703317830403e+00
2.696238880798121240e+00
2.695512657815171575e+00
2.694716673807628915e+00
2.693846131891005413e+00
2.692887637535319900e+00
2.691833158970075246e+00
2.690669001830099827e+00
0.000000000000000000e+00
5.865102639296187678e-03
1.173020527859237536e-02
1.759530791788856130e-02
2.346041055718475071e-02
2.932551319648094013e-02
3.519061583577712260e-02
4.105571847507331201e-02
4.692082111436950143e-02
5.278592375366569084e-02
5.865102639296188025e-02
6.451612903225806273e-02
7.038123167155424520e-02
7.624633431085044155e-02
8.211143695014662403e-02
8.797653958944282038e-02
9.384164222873900285e-02
9.970674486803518533e-02
1.055718475073313817e-01
1.114369501466275642e-01
1.173020527859237605e-01
1.231671554252199430e-01
1.290322580645161255e-01
1.348973607038123079e-01
1.407624633431084904e-01
1.466275659824047006e-01
1.524926686217008831e-01
1.583577712609970656e-01
1.642228739002932481e-01
1.700879765395894305e-01
1.759530791788856408e-01
1.818181818181818232e-01
1.876832844574780057e-01
1.935483870967741882e-01
1.994134897360703707e-01
2.052785923753665809e-01
2.111436950146627634e-01
2.170087976539589458e-01
2.228739002932551283e-01
2.287390029325513108e-01
2.346041055718475210e-01
2.404692082111437035e-01
2.463343108504398860e-01
2.521994134897360684e-01
2.580645161290322509e-01
2.639296187683284334e-01
2.697947214076246158e-01
2.756598240469207983e-01
2.815249266862169808e-01
2.873900293255132188e-01
2.932551319648094013e-01
2.991202346041055837e-01
3.049853372434017662e-01
3.108504398826979487e-01
3.167155425219941312e-01
3.225806451612903136e-01
3.284457478005864961e-01
3.343108504398826786e-01
3.401759530791788610e-01
3.460410557184750990e-01
3.519061583577712815e-01
3.577712609970674640e-01
3.636363636363636465e-01
3.695014662756598289e-01
3.753665689149560114e-01
3.812316715542521939e-01
3.870967741935483764e-01
3.929618768328445588e-01
3.988269794721407413e-01
4.046920821114369238e-01
4.105571847507331618e-01
4.164222873900293442e-01
4.222873900293255267e-01
4.281524926686217092e-01
4.340175953079178917e-01
4.398826979472140741e-01
4.457478005865102566e-01
4.516129032258064391e-01
4.574780058651026216e-01
4.633431085043988040e-01
4.692082111436950420e-01
4.750733137829912245e-01
4.809384164222874070e-01
4.868035190615835894e-01
4.926686217008797719e-01
4.985337243401759544e-01
5.043988269794721369e-01
5.102639296187683193e-01
5.161290322580645018e-01
5.219941348973606843e-01
5.278592375366568668e-01
5.337243401759530492e-01
5.395894428152492317e-01
5.454545454545454142e-01
5.513196480938415966e-01
5.571847507331377791e-01
5.630498533724339616e-01
5.689149560117302551e-01
5.747800586510264376e-01
5.806451612903226200e-01
5.865102639296188025e-01
5.923753665689149850e-01
5.982404692082111675e-01
6.041055718475073499e-01
6.099706744868035324e-01
6.158357771260997149e-01
6.217008797653958974e-01
6.275659824046920798e-01
6.334310850439882623e-01
6.392961876832844448e-01
6.451612903225806273e-01
6.510263929618768097e-01
6.568914956011729922e-01
6.627565982404691747e-01
6.686217008797653572e-01
6.744868035190615396e-01
6.803519061583577221e-01
6.862170087976539046e-01
6.920821114369501981e-01
6.979472140762463805e-01
7.038123167155425630e-01
7.096774193548387455e-01
7.155425219941349280e-01
7.214076246334311104e-01
7.272727272727272929e-01
7.331378299120234754e-01
7.390029325513196579e-01
7.448680351906158403e-01
7.507331378299120228e-01
7.565982404692082053e-01
7.624633431085043878e-01
7.683284457478005702e-01
7.741935483870967527e-01
7.800586510263929352e-01
7.859237536656891177e-01
7.917888563049853001e-01
7.976539589442814826e-01
8.035190615835776651e-01
8.093841642228738475e-01
8.152492668621701410e-01
8.211143695014663235e-01
8.269794721407625060e-01
8.328445747800586885e-01
8.387096774193548709e-01
8.445747800586510534e-01
8.504398826979472359e-01
8.563049853372434184e-01
8.621700879765396008e-01
8.680351906158357833e-01
8.739002932551319658e-01
8.797653958944281483e-01
8.856304985337243307e-01
8.914956011730205132e-01
8.973607038123166957e-01
9.032258064516128782e-01
9.090909090909090606e-01
9.149560117302052431e-01
9.208211143695014256e-01
9.266862170087976081e-01
9.325513196480937905e-01
9.384164222873900840e-01
9.442815249266862665e-01
9.501466275659824490e-01
9.560117302052786314e-01
9.618768328445748139e-01
9.677419354838709964e-01
9.736070381231671789e-01
9.794721407624633613e-01
9.853372434017595438e-01
9.912023460410557263e-01
9.970674486803519088e-01
1.002932551319648091e+00
1.008797653958944274e+00
1.014662756598240456e+00
1.020527859237536639e+00
1.026392961876832821e+00
1.032258064516129004e+00
1.038123167155425186e+00
1.043988269794721369e+00
1.049853372434017551e+00
1.055718475073313734e+00
1.061583577712609916e+00
1.067448680351906098e+00
1.073313782991202281e+00
1.079178885630498463e+00
1.085043988269794646e+00
1.090909090909090828e+00
1.096774193548387011e+00
1.102639296187683193e+00
1.108504398826979376e+00
1.114369501466275558e+00
1.120234604105571741e+00
1.126099706744867923e+00
1.131964809384164328e+00
1.137829912023460510e+00
1.143695014662756693e+00
1.149560117302052875e+00
1.155425219941349058e+00
1.161290322580645240e+00
1.167155425219941423e+00
1.173020527859237605e+00
1.178885630498533788e+00
1.184750733137829970e+00
1.190615835777126152e+00
1.196480938416422335e+00
1.202346041055718517e+00
1.208211143695014700e+00
1.214076246334310882e+00
1.219941348973607065e+00
1.225806451612903247e+00
1.231671554252199430e+00
1.237536656891495612e+00
1.243401759530791795e+00
1.249266862170087977e+00
1.255131964809384160e+00
1.260997067448680342e+00
1.266862170087976525e+00
1.272727272727272707e+00
1.278592375366568890e+00
1.284457478005865072e+00
1.290322580645161255e+00
1.296187683284457437e+00
1.302052785923753619e+00
1.307917888563049802e+00
1.313782991202345984e+00
1.319648093841642167e+00
1.325513196480938349e+00
1.331378299120234532e+00
1.337243401759530714e+00
1.343108504398826897e+00
1.348973607038123079e+00
1.354838709677419262e+00
1.360703812316715444e+00
1.366568914956011627e+00
1.372434017595307809e+00
1.378299120234604214e+00
1.384164222873900396e+00
1.390029325513196579e+00
1.395894428152492761e+00
1.401759530791788944e+00
1.407624633431085126e+00
1.413489736070381309e+00
1.419354838709677491e+00
1.425219941348973673e+00
1.431085043988269856e+00
1.436950146627566038e+00
1.442815249266862221e+00
1.448680351906158403e+00
1.454545454545454586e+00
1.460410557184750768e+00
1.466275659824046951e+00
1.472140762463343133e+00
1.478005865102639316e+00
1.483870967741935498e+00
1.489736070381231681e+00
1.495601173020527863e+00
1.501466275659824046e+00
1.507331378299120228e+00
1.513196480938416411e+00
1.519061583577712593e+00
1.524926686217008776e+00
1.530791788856304958e+00
1.536656891495601140e+00
1.542521994134897323e+00
1.548387096774193505e+00
1.554252199413489688e+00
1.560117302052785870e+00
1.565982404692082053e+00
1.571847507331378235e+00
1.577712609970674418e+00
1.583577712609970600e+00
1.589442815249266783e+00
1.595307917888562965e+00
1.601173020527859148e+00
1.607038123167155330e+00
1.612903225806451513e+00
1.618768328445747695e+00
1.624633431085043878e+00
1.630498533724340282e+00
1.636363636363636465e+00
1.642228739002932647e+00
1.648093841642228830e+00
1.653958944281525012e+00
1.659824046920821194e+00
1.665689149560117377e+00
1.671554252199413559e+00
1.677419354838709742e+00
1.683284457478005924e+00
1.689149560117302107e+00
1.695014662756598289e+00
1.700879765395894472e+00
1.706744868035190654e+00
1.712609970674486837e+00
1.718475073313783019e+00
1.724340175953079202e+00
1.730205278592375384e+00
1.736070381231671567e+00
1.741935483870967749e+00
1.747800586510263932e+00
1.753665689149560114e+00
1.759530791788856297e+00
1.765395894428152479e+00
1.771260997067448661e+00
1.777126099706744844e+00
1.782991202346041026e+00
1.788856304985337209e+00
1.794721407624633391e+00
1.800586510263929574e+00
1.806451612903225756e+00
1.812316715542521939e+00
1.818181818181818121e+00
1.824046920821114304e+00
1.829912023460410486e+00
1.835777126099706669e+00
1.841642228739002851e+00
1.847507331378299034e+00
1.853372434017595216e+00
1.859237536656891399e+00
1.865102639296187581e+00
1.870967741935483764e+00
1.876832844574780168e+00
1.882697947214076351e+00
1.888563049853372533e+00
1.894428152492668715e+00
1.900293255131964898e+00
1.906158357771261080e+00
1.912023460410557263e+00
1.917888563049853445e+00
1.923753665689149628e+00
1.929618768328445810e+00
1.935483870967741993e+00
1.941348973607038175e+00
1.947214076246334358e+00
1.953079178885630540e+00
1.958944281524926723e+00
1.964809384164222905e+00
1.970674486803519088e+00
1.976539589442815270e+00
1.982404692082111453e+00
1.988269794721407635e+00
1.994134897360703818e+00
2.000000000000000000e+00
2.005865102639296182e+00
2.011730205278592365e+00
2.017595307917888547e+00
2.023460410557184730e+00
2.029325513196480912e+00
2.035190615835777095e+00
2.041055718475073277e+00
2.046920821114369460e+00
2.052785923753665642e+00
2.058651026392961825e+00
2.064516129032258007e+00
2.070381231671554190e+00
2.076246334310850372e+00
2.082111436950146555e+00
2.087976539589442737e+00
2.093841642228738920e+00
2.099706744868035102e+00
2.105571847507331285e+00
2.111436950146627467e+00
2.117302052785923649e+00
2.123167155425219832e+00
2.129032258064516014e+00
2.134897360703812197e+00
2.140762463343108379e+00
2.146627565982404562e+00
2.152492668621700744e+00
2.158357771260996927e+00
2.164222873900293109e+00
2.170087976539589292e+00
2.175953079178885474e+00
2.181818181818181657e+00
2.187683284457477839e+00
2.193548387096774022e+00
2.199413489736070204e+00
2.205278592375366387e+00
2.211143695014662569e+00
2.217008797653958752e+00
2.222873900293254934e+00
2.228739002932551116e+00
2.234604105571847299e+00
2.240469208211143481e+00
2.246334310850439664e+00
2.252199413489735846e+00
2.258064516129032473e+00
2.263929618768328655e+00
2.269794721407624838e+00
2.275659824046921020e+00
2.281524926686217203e+00
2.287390029325513385e+00
2.293255131964809568e+00
2.299120234604105750e+00
2.304985337243401933e+00
2.310850439882698115e+00
2.316715542521994298e+00
2.322580645161290480e+00
2.328445747800586663e+00
2.334310850439882845e+00
2.340175953079179028e+00
2.346041055718475210e+00
2.351906158357771393e+00
2.357771260997067575e+00
2.363636363636363757e+00
2.369501466275659940e+00
2.375366568914956122e+00
2.381231671554252305e+00
2.387096774193548487e+00
2.392961876832844670e+00
2.398826979472140852e+00
2.404692082111437035e+00
2.410557184750733217e+00
2.416422287390029400e+00
2.422287390029325582e+00
2.428152492668621765e+00
2.434017595307917947e+00
2.439882697947214130e+00
2.445747800586510312e+00
2.451612903225806495e+00
2.457478005865102677e+00
2.463343108504398860e+00
2.469208211143695042e+00
2.475073313782991224e+00
2.480938416422287407e+00
2.486803519061583589e+00
2.492668621700879772e+00
2.498533724340175954e+00
2.504398826979472137e+00
2.510263929618768319e+00
2.516129032258064502e+00
2.521994134897360684e+00
2.527859237536656867e+00
2.533724340175953049e+00
2.539589442815249232e+00
2.545454545454545414e+00
2.551319648093841597e+00
2.557184750733137779e+00
2.563049853372433962e+00
2.568914956011730144e+00
2.574780058651026327e+00
2.580645161290322509e+00
2.586510263929618691e+00
2.592375366568914874e+00
2.598240469208211056e+00
2.604105571847507239e+00
2.609970674486803421e+00
2.615835777126099604e+00
2.621700879765395786e+00
2.627565982404691969e+00
2.633431085043988151e+00
2.639296187683284334e+00
2.645161290322580516e+00
2.651026392961876699e+00
2.656891495601172881e+00
2.662756598240469064e+00
2.668621700879765246e+00
2.674486803519061429e+00
2.680351906158357611e+00
2.686217008797653794e+00
2.692082111436949976e+00
2.697947214076246158e+00
2.703812316715542341e+00
2.709677419354838523e+00
2.715542521994134706e+00
2.721407624633430888e+00
2.727272727272727071e+00
2.733137829912023253e+00
2.739002932551319436e+00
2.744868035190615618e+00
2.750733137829911801e+00
2.756598240469208427e+00
2.762463343108504610e+00
2.768328445747800792e+00
2.774193548387096975e+00
2.780058651026393157e+00
2.785923753665689340e+00
2.791788856304985522e+00
2.797653958944281705e+00
2.803519061583577887e+00
2.809384164222874070e+00
2.815249266862170252e+00
2.821114369501466435e+00
2.826979472140762617e+00
2.832844574780058799e+00
2.838709677419354982e+00
2.844574780058651164e+00
2.850439882697947347e+00
2.856304985337243529e+00
2.862170087976539712e+00
2.868035190615835894e+00
2.873900293255132077e+00
2.879765395894428259e+00
2.885630498533724442e+00
2.891495601173020624e+00
2.897360703812316807e+00
2.903225806451612989e+00
2.909090909090909172e+00
2.914956011730205354e+00
2.920821114369501537e+00
2.926686217008797719e+00
2.932551319648093902e+00
2.938416422287390084e+00
2.944281524926686266e+00
2.950146627565982449e+00
2.956011730205278631e+00
2.961876832844574814e+00
2.967741935483870996e+00
2.973607038123167179e+00
2.979472140762463361e+00
2.985337243401759544e+00
2.991202346041055726e+00
2.997067448680351909e+00
3.002932551319648091e+00
3.008797653958944274e+00
3.014662756598240456e+00
3.020527859237536639e+00
3.026392961876832821e+00
3.032258064516129004e+00
3.038123167155425186e+00
3.043988269794721369e+00
3.049853372434017551e+00
3.055718475073313734e+00
3.061583577712609916e+00
3.067448680351906098e+00
3.073313782991202281e+00
3.079178885630498463e+00
3.085043988269794646e+00
3.090909090909090828e+00
3.096774193548387011e+00
3.102639296187683193e+00
3.108504398826979376e+00
3.114369501466275558e+00
3.120234604105571741e+00
3.126099706744867923e+00
3.131964809384164106e+00
3.137829912023460288e+00
3.143695014662756471e+00
3.149560117302052653e+00
3.155425219941348836e+00
3.161290322580645018e+00
3.167155425219941201e+00
3.173020527859237383e+00
3.178885630498533565e+00
3.184750733137829748e+00
3.190615835777125930e+00
3.196480938416422113e+00
3.202346041055718295e+00
3.208211143695014478e+00
3.214076246334310660e+00
3.219941348973606843e+00
3.225806451612903025e+00
3.231671554252199208e+00
3.237536656891495390e+00
3.243401759530791573e+00
3.249266862170087755e+00
3.255131964809384382e+00
3.260997067448680564e+00
3.266862170087976747e+00
3.272727272727272929e+00
3.278592375366569112e+00
3.284457478005865294e+00
3.290322580645161477e+00
3.296187683284457659e+00
3.302052785923753842e+00
3.307917888563050024e+00
3.313782991202346206e+00
3.319648093841642389e+00
3.325513196480938571e+00
3.331378299120234754e+00
3.337243401759530936e+00
3.343108504398827119e+00
3.348973607038123301e+00
3.354838709677419484e+00
3.360703812316715666e+00
3.366568914956011849e+00
3.372434017595308031e+00
3.378299120234604214e+00
3.384164222873900396e+00
3.390029325513196579e+00
3.395894428152492761e+00
3.401759530791788944e+00
3.407624633431085126e+00
3.413489736070381309e+00
3.419354838709677491e+00
3.425219941348973673e+00
3.431085043988269856e+00
3.436950146627566038e+00
3.442815249266862221e+00
3.448680351906158403e+00
3.454545454545454586e+00
3.460410557184750768e+00
3.466275659824046951e+00
3.472140762463343133e+00
3.478005865102639316e+00
3.483870967741935498e+00
3.489736070381231681e+00
3.495601173020527863e+00
3.501466275659824046e+00
3.507331378299120228e+00
3.513196480938416411e+00
3.519061583577712593e+00
3.524926686217008776e+00
3.530791788856304958e+00
3.536656891495601140e+00
3.542521994134897323e+00
3.548387096774193505e+00
3.554252199413489688e+00
3.560117302052785870e+00
3.565982404692082053e+00
3.571847507331378235e+00
3.577712609970674418e+00
3.583577712609970600e+00
3.589442815249266783e+00
3.595307917888562965e+00
3.601173020527859148e+00
3.607038123167155330e+00
3.612903225806451513e+00
3.618768328445747695e+00
3.624633431085043878e+00
3.630498533724340060e+00
3.636363636363636243e+00
3.642228739002932425e+00
3.648093841642228607e+00
3.653958944281524790e+00
3.659824046920820972e+00
3.665689149560117155e+00
3.671554252199413337e+00
3.677419354838709520e+00
3.683284457478005702e+00
3.689149560117301885e+00
3.695014662756598067e+00
3.700879765395894250e+00
3.706744868035190432e+00
3.712609970674486615e+00
3.718475073313782797e+00
3.724340175953078980e+00
3.730205278592375162e+00
3.736070381231671345e+00
3.741935483870967527e+00
3.747800586510263710e+00
3.753665689149560336e+00
3.759530791788856519e+00
3.765395894428152701e+00
3.771260997067448884e+00
3.777126099706745066e+00
3.782991202346041248e+00
3.788856304985337431e+00
3.794721407624633613e+00
3.800586510263929796e+00
3.806451612903225978e+00
3.812316715542522161e+00
3.818181818181818343e+00
3.824046920821114526e+00
3.829912023460410708e+00
3.835777126099706891e+00
3.841642228739003073e+00
3.847507331378299256e+00
3.853372434017595438e+00
3.859237536656891621e+00
3.865102639296187803e+00
3.870967741935483986e+00
3.876832844574780168e+00
3.882697947214076351e+00
3.888563049853372533e+00
3.894428152492668715e+00
3.900293255131964898e+00
3.906158357771261080e+00
3.912023460410557263e+00
3.917888563049853445e+00
3.923753665689149628e+00
3.929618768328445810e+00
3.935483870967741993e+00
3.941348973607038175e+00
3.947214076246334358e+00
3.953079178885630540e+00
3.958944281524926723e+00
3.964809384164222905e+00
3.970674486803519088e+00
3.976539589442815270e+00
3.982404692082111453e+00
3.988269794721407635e+00
3.994134897360703818e+00
4.000000000000000000e+00
4.005865102639296182e+00
4.011730205278592365e+00
4.017595307917888547e+00
4.023460410557184730e+00
4.029325513196480912e+00
4.035190615835777095e+00
4.041055718475073277e+00
4.046920821114369460e+00
4.052785923753665642e+00
4.058651026392961825e+00
4.064516129032258007e+00
4.070381231671554190e+00
4.076246334310850372e+00
4.082111436950146555e+00
4.087976539589442737e+00
4.093841642228738920e+00
4.099706744868035102e+00
4.105571847507331285e+00
4.111436950146627467e+00
4.117302052785923649e+00
4.123167155425219832e+00
4.129032258064516014e+00
4.134897360703812197e+00
4.140762463343108379e+00
4.146627565982404562e+00
4.152492668621700744e+00
4.158357771260996927e+00
4.164222873900293109e+00
4.170087976539589292e+00
4.175953079178885474e+00
4.181818181818181657e+00
4.187683284457477839e+00
4.193548387096774022e+00
4.199413489736070204e+00
4.205278592375366387e+00
4.211143695014662569e+00
4.217008797653958752e+00
4.222873900293254934e+00
4.228739002932551116e+00
4.234604105571847299e+00
4.240469208211143481e+00
4.246334310850439664e+00
4.252199413489735846e+00
4.258064516129032029e+00
4.263929618768328211e+00
4.269794721407624394e+00
4.275659824046920576e+00
4.281524926686216759e+00
4.287390029325512941e+00
4.293255131964809124e+00
4.299120234604105306e+00
4.304985337243401489e+00
4.310850439882697671e+00
4.316715542521993854e+00
4.322580645161290036e+00
4.328445747800586219e+00
4.334310850439882401e+00
4.340175953079178583e+00
4.346041055718474766e+00
4.351906158357770948e+00
4.357771260997067131e+00
4.363636363636363313e+00
4.369501466275659496e+00
4.375366568914955678e+00
4.381231671554251861e+00
4.387096774193548043e+00
4.392961876832844226e+00
4.398826979472140408e+00
4.404692082111436591e+00
4.410557184750732773e+00
4.416422287390028956e+00
4.422287390029325138e+00
4.428152492668621321e+00
4.434017595307917503e+00
4.439882697947213686e+00
4.445747800586509868e+00
4.451612903225806051e+00
4.457478005865102233e+00
4.463343108504398415e+00
4.469208211143694598e+00
4.475073313782990780e+00
4.480938416422286963e+00
4.486803519061583145e+00
4.492668621700879328e+00
4.498533724340175510e+00
4.504398826979471693e+00
4.510263929618768763e+00
4.516129032258064946e+00
4.521994134897361128e+00
4.527859237536657311e+00
4.533724340175953493e+00
4.539589442815249676e+00
4.545454545454545858e+00
4.551319648093842041e+00
4.557184750733138223e+00
4.563049853372434406e+00
4.568914956011730588e+00
4.574780058651026771e+00
4.580645161290322953e+00
4.586510263929619136e+00
4.592375366568915318e+00
4.598240469208211501e+00
4.604105571847507683e+00
4.609970674486803865e+00
4.615835777126100048e+00
4.621700879765396230e+00
4.627565982404692413e+00
4.633431085043988595e+00
4.639296187683284778e+00
4.645161290322580960e+00
4.651026392961877143e+00
4.656891495601173325e+00
4.662756598240469508e+00
4.668621700879765690e+00
4.674486803519061873e+00
4.680351906158358055e+00
4.686217008797654238e+00
4.692082111436950420e+00
4.697947214076246603e+00
4.703812316715542785e+00
4.709677419354838968e+00
4.715542521994135150e+00
4.721407624633431332e+00
4.727272727272727515e+00
4.733137829912023697e+00
4.739002932551319880e+00
4.744868035190616062e+00
4.750733137829912245e+00
4.756598240469208427e+00
4.762463343108504610e+00
4.768328445747800792e+00
4.774193548387096975e+00
4.780058651026393157e+00
4.785923753665689340e+00
4.791788856304985522e+00
4.797653958944281705e+00
4.803519061583577887e+00
4.809384164222874070e+00
4.815249266862170252e+00
4.821114369501466435e+00
4.826979472140762617e+00
4.832844574780058799e+00
4.838709677419354982e+00
4.844574780058651164e+00
4.850439882697947347e+00
4.856304985337243529e+00
4.862170087976539712e+00
4.868035190615835894e+00
4.873900293255132077e+00
4.879765395894428259e+00
4.885630498533724442e+00
4.891495601173020624e+00
4.897360703812316807e+00
4.903225806451612989e+00
4.909090909090909172e+00
4.914956011730205354e+00
4.920821114369501537e+00
4.926686217008797719e+00
4.932551319648093902e+00
4.938416422287390084e+00
4.944281524926686266e+00
4.950146627565982449e+00
4.956011730205278631e+00
4.961876832844574814e+00
4.967741935483870996e+00
4.973607038123167179e+00
4.979472140762463361e+00
4.985337243401759544e+00
4.991202346041055726e+00
4.997067448680351909e+00
5.002932551319648091e+00
5.008797653958944274e+00
5.014662756598240456e+00
5.020527859237536639e+00
5.026392961876832821e+00
5.032258064516129004e+00
5.038123167155425186e+00
5.043988269794721369e+00
5.049853372434017551e+00
5.055718475073313734e+00
5.061583577712609916e+00
5.067448680351906098e+00
5.073313782991202281e+00
5.079178885630498463e+00
5.085043988269794646e+00
5.090909090909090828e+00
5.096774193548387011e+00
5.102639296187683193e+00
5.108504398826979376e+00
5.114369501466275558e+00
5.120234604105571741e+00
5.126099706744867923e+00
5.131964809384164106e+00
5.137829912023460288e+00
5.143695014662756471e+00
5.149560117302052653e+00
5.155425219941348836e+00
5.161290322580645018e+00
5.167155425219941201e+00
5.173020527859237383e+00
5.178885630498533565e+00
5.184750733137829748e+00
5.190615835777125930e+00
5.196480938416422113e+00
5.202346041055718295e+00
5.208211143695014478e+00
5.214076246334310660e+00
5.219941348973606843e+00
5.225806451612903025e+00
5.231671554252199208e+00
5.237536656891495390e+00
5.243401759530791573e+00
5.249266862170087755e+00
5.255131964809383938e+00
5.260997067448680120e+00
5.266862170087976303e+00
5.272727272727272485e+00
5.278592375366568668e+00
5.284457478005864850e+00
5.290322580645161032e+00
5.296187683284457215e+00
5.302052785923753397e+00
5.307917888563049580e+00
5.313782991202345762e+00
5.319648093841641945e+00
5.325513196480938127e+00
5.331378299120234310e+00
5.337243401759530492e+00
5.343108504398826675e+00
5.348973607038122857e+00
5.354838709677419040e+00
5.360703812316715222e+00
5.366568914956011405e+00
5.372434017595307587e+00
5.378299120234603770e+00
5.384164222873899952e+00
5.390029325513196135e+00
5.395894428152492317e+00
5.401759530791788499e+00
5.407624633431084682e+00
5.413489736070380864e+00
5.419354838709677047e+00
5.425219941348973229e+00
5.431085043988269412e+00
5.436950146627565594e+00
5.442815249266861777e+00
5.448680351906157959e+00
5.454545454545454142e+00
5.460410557184750324e+00
5.466275659824046507e+00
5.472140762463342689e+00
5.478005865102638872e+00
5.483870967741935054e+00
5.489736070381231237e+00
5.495601173020527419e+00
5.501466275659823602e+00
5.507331378299120672e+00
5.513196480938416855e+00
5.519061583577713037e+00
5.524926686217009220e+00
5.530791788856305402e+00
5.536656891495601585e+00
5.542521994134897767e+00
5.548387096774193949e+00
5.554252199413490132e+00
5.560117302052786314e+00
5.565982404692082497e+00
5.571847507331378679e+00
5.577712609970674862e+00
5.583577712609971044e+00
5.589442815249267227e+00
5.595307917888563409e+00
5.601173020527859592e+00
5.607038123167155774e+00
5.612903225806451957e+00
5.618768328445748139e+00
5.624633431085044322e+00
5.630498533724340504e+00
5.636363636363636687e+00
5.642228739002932869e+00
5.648093841642229052e+00
5.653958944281525234e+00
5.659824046920821417e+00
5.665689149560117599e+00
5.671554252199413781e+00
5.677419354838709964e+00
5.683284457478006146e+00
5.689149560117302329e+00
5.695014662756598511e+00
5.700879765395894694e+00
5.706744868035190876e+00
5.712609970674487059e+00
5.718475073313783241e+00
5.724340175953079424e+00
5.730205278592375606e+00
5.736070381231671789e+00
5.741935483870967971e+00
5.747800586510264154e+00
5.753665689149560336e+00
5.759530791788856519e+00
5.765395894428152701e+00
5.771260997067448884e+00
5.777126099706745066e+00
5.782991202346041248e+00
5.788856304985337431e+00
5.794721407624633613e+00
5.800586510263929796e+00
5.806451612903225978e+00
5.812316715542522161e+00
5.818181818181818343e+00
5.824046920821114526e+00
5.829912023460410708e+00
5.835777126099706891e+00
5.841642228739003073e+00
5.847507331378299256e+00
5.853372434017595438e+00
5.859237536656891621e+00
5.865102639296187803e+00
5.870967741935483986e+00
5.876832844574780168e+00
5.882697947214076351e+00
5.888563049853372533e+00
5.894428152492668715e+00
5.900293255131964898e+00
5.906158357771261080e+00
5.912023460410557263e+00
5.917888563049853445e+00
5.923753665689149628e+00
5.929618768328445810e+00
5.935483870967741993e+00
5.941348973607038175e+00
5.947214076246334358e+00
5.953079178885630540e+00
5.958944281524926723e+00
5.964809384164222905e+00
5.970674486803519088e+00
5.976539589442815270e+00
5.982404692082111453e+00
5.988269794721407635e+00
5.994134897360703818e+00
6.000000000000000000e+00
