5.784009088928672437e-02
5.767273841095998943e-02
5.717511938430823448e-02
5.636026486998418905e-02
5.524897944958462315e-02
5.386858103604623416e-02
5.225133719348701300e-02
5.043275592650110772e-02
4.844988518778468867e-02
4.633975171049663222e-02
4.413803354094851528e-02
4.187802002346849295e-02
3.958987503003669195e-02
3.730018867711827613e-02
3.503178178547926291e-02
3.280371588086038181e-02
3.063145811917672087e-02
2.852715298579841866e-02
2.649995873487979645e-02
2.455641438909286767e-02
2.270081128640998036e-02
2.093555071368890033e-02
1.926147560831298344e-02
1.767816945787763216e-02
1.618421941093322464e-02
1.477744337362035462e-02
1.345508270331864653e-02
1.221396322459714773e-02
1.105062787113420333e-02
9.961444457467535929e-03
8.942692032178848477e-03
7.990629055064521480e-03
7.101546344699087229e-03
6.271807408229778877e-03
5.497878424651960610e-03
4.776349826522354944e-03
4.103951124725410335e-03
3.477560352195764939e-03
2.894209267132424705e-03
2.351085253443011523e-03
1.845530683699213303e-03
1.375040364791422012e-03
9.372575654862580138e-04
5.299690249748528412e-04
1.510992591999280391e-04
-2.012955855071911146e-04
-5.290341366174624096e-04
-8.338163067746432594e-04
-1.117229797282628338e-03
-1.380756507149092597e-03
-1.625778783841375520e-03
-1.853585469919592429e-03
-2.065377713907160136e-03
-2.262274524874606334e-03
-2.445318058850472816e-03
-2.615478631824950505e-03
-2.773659459176386951e-03
-2.920701125152281273e-03
-3.057385788836390877e-03
-3.184441135043035876e-03
-3.302544079968794746e-03
-3.412324242336093900e-03
-3.514367191292274567e-03
-3.609217482568053727e-03
-3.697381494420371416e-03
-3.779330074741187647e-03
-3.855501010449304076e-03
-3.926301329930890864e-03
-3.992109448882888087e-03
-4.053277169462649737e-03
-4.110131542173326574e-03
-4.162976599429828346e-03
-4.212094969264350633e-03
-4.257749377150251910e-03
-4.300184043453895294e-03
-4.339625983569547589e-03
-4.376286217355185131e-03
-4.410360894068760321e-03
-4.442032338606162478e-03
-4.471470024464203191e-03
-4.498831478494533936e-03
-4.524263122177294046e-03
-4.547901053825909902e-03
-4.569871775836360089e-03
-4.590292870814516139e-03
-4.609273630153175837e-03
-4.626915638385218493e-03
-4.643313316410095648e-03
-4.658554426476767610e-03
-4.672720541606317085e-03
-4.685887481951014379e-03
-4.698125720412768547e-03
-4.709500759681842751e-03
-4.720073482705750348e-03
-4.729900478457656730e-03
-4.739034344742688865e-03
-4.747523969658684964e-03
-4.755414793214520451e-03
-4.762749050503576297e-03
-4.769565997731764311e-03
-4.775902122308153461e-03
-4.781791338121315314e-03
-4.787265167045450139e-03
-4.792352907646921754e-03
-4.797081791993454240e-03
-4.801477131404745767e-03
-4.805562451924142407e-03
-4.809359620236126377e-03
-4.812888960703278624e-03
-4.816169364148917970e-03
-4.819218388967483335e-03
-4.822052355103699332e-03
-4.824686431403420704e-03
-4.827134716803599401e-03
-4.829410315795875687e-03
-4.831525408567634294e-03
-4.833491316195917195e-03
-4.835318561243089237e-03
-4.837016924078577952e-03
-4.838595495228116550e-03
-4.840062724030660957e-03
-4.841426463863419266e-03
-4.842694014177030028e-03
-4.843872159565882143e-03
-4.844967206082691213e-03
-4.845985014991694220e-03
-4.846931034141130530e-03
-4.847810327122916568e-03
-4.848627600375601115e-03
-4.849387228375650997e-03
-4.850093277051915897e-03
-4.850749525548591311e-03
-4.851359486453163741e-03
-4.851926424597610872e-03
-4.852453374533482848e-03
-4.852943156774415685e-03
-4.853398392892988196e-03
-4.853821519552758805e-03
-4.854214801550559358e-03
-4.854580343938884150e-03
-4.854920103293228553e-03
-4.855235898184715251e-03
-4.855529418914037061e-03
-4.855802236558839566e-03
-4.856055811382952760e-03
-4.856291500652491246e-03
-4.856510565900659313e-03
-4.856714179680136911e-03
-4.856903431839201639e-03
-4.857079335355169239e-03
-4.857242831756382849e-03
-4.857394796161770313e-03
-4.857536041964934971e-03
-4.857667325187876167e-03
-4.857789348527609928e-03
-4.857902765117377321e-03
-4.858008182022554612e-03
-4.858106163489993301e-03
-4.858197233968158946e-03
-4.858281880914261559e-03
-4.858360557403379465e-03
-4.858433684553560214e-03
-4.858501653779862157e-03
-4.858564828889416418e-03
-4.858623548028714705e-03
-4.858678125493545198e-03
-4.858728853411272731e-03
-4.858776003304456081e-03
-4.858819827544180216e-03
-4.858860560700878524e-03
-4.858898420799881435e-03
-4.858933610488396122e-03
-4.858966318120188331e-03
-4.858996718763746413e-03
-4.859024975139340785e-03
-4.859051238489990425e-03
-4.859075649390994130e-03
-4.859098338502362488e-03
-4.859119427268181191e-03
-4.859139028566642274e-03
-4.859157247314229225e-03
-4.859174181027284267e-03
-4.859189920343964970e-03
-4.859204549509394365e-03
-4.859218146826576289e-03
-4.859230785075521059e-03
-4.859242531902799311e-03
-4.859253450183624763e-03
-4.859263598358391431e-03
-4.859273030745481572e-03
-4.859281797832001870e-03
-4.859289946544022125e-03
-4.859297520497745868e-03
-4.859304560232965108e-03
-4.859311103430054291e-03
-4.859317185111653586e-03
-4.859322837830129180e-03
-4.859328091841811498e-03
-4.859332975268939453e-03
-4.859337514250190206e-03
-4.859341733080583745e-03
-4.859345654341525565e-03
-4.859349299021670059e-03
-4.859352686629268142e-03
-4.859355835296580266e-03
-4.859358761876935058e-03
-4.859361482034932345e-03
-4.859364010330292742e-03
-4.859366360295785774e-03
-4.859368544509664115e-03
-4.859370574662994283e-03
-4.859372461622225511e-03
-4.859374215487359365e-03
-4.859375845646005457e-03
-4.859377360823633786e-03
-4.859378769130272627e-03
-4.859380078103921717e-03
-4.859381294750898458e-03
-4.859382425583338300e-03
-4.859383476654054006e-03
-4.859384453588929016e-03
-4.859385361617033113e-03
-4.859386205598613048e-03
-4.859386990051102126e-03
-4.859387719173304844e-03
-4.859388396867865903e-03
-4.859389026762164082e-03
-4.859389612227727265e-03
-4.859390156398274430e-03
-4.859390662186493896e-03
-4.859391132299630683e-03
-4.859391569253977521e-03
-4.859391975388344977e-03
-4.859392352876578357e-03
-4.859392703739194228e-03
-4.859393029854192948e-03
-4.859393332967114863e-03
-4.859393614700380053e-03
-4.859393876561973226e-03
-4.859394119953516257e-03
-4.859394346177768262e-03
-4.859394556445600054e-03
-4.859394751882477673e-03
-4.859394933534481875e-03
-4.859395102373908690e-03
-4.859395259304477056e-03
-4.859395405166161766e-03
-4.859395540739690732e-03
-4.859395666750726539e-03
-4.859395783873744420e-03
-4.859395892735650889e-03
-4.859395993919130886e-03
-4.859396087965772021e-03
-4.859396175378961555e-03
-4.859396256626580431e-03
-4.859396332143509946e-03
-4.859396402333954548e-03
-4.859396467573612842e-03
-4.859396528211680326e-03
-4.859396584572724630e-03
-4.859396636958419370e-03
-4.859396685649160913e-03
-4.859396730905566307e-03
-4.859396772969874073e-03
-4.859396812067232237e-03
-4.859396848406911766e-03
-4.859396882183422001e-03
-4.859396913577551484e-03
-4.859396942757339410e-03
-4.859396969878970740e-03
-4.859396995087614073e-03
-4.859397018518200537e-03
-4.859397040296142833e-03
-4.859397060538007442e-03
-4.859397079352139118e-03
-4.859397096839242029e-03
-4.859397113092916651e-03
-4.859397128200159365e-03
-4.859397142241834305e-03
-4.859397155293098368e-03
-4.859397167423808866e-03
